1000 12 305.83 lux
2000 0 314.17 lux
3000 0 238.33 lux
4000 0 209.17 lux
5000 0 252.50 lux
6000 0 4.17 lux
7000 0 11.67 lux
8000 0 12.50 lux
9000 0 14.17 lux
10000 0 15.00 lux
11000 0 15.00 lux
12000 0 15.00 lux
13000 0 15.00 lux
14000 0 15.83 lux
15000 0 15.83 lux
16000 0 40.83 lux
1000 8 28.33 lux
2000 0 22.50 lux
3000 0 116.67 lux
4000 0 77.50 lux
5000 0 19.17 lux
6000 1 20.00 lux
7000 0 20.83 lux
8000 0 25.83 lux
9000 0 36.67 lux
10000 0 63.33 lux
11000 0 110.00 lux
12000 0 303.33 lux
13000 517 330.00 lux
14000 0 315.83 lux
15000 345 192.50 lux
16000 258 173.33 lux
17000 0 72.50 lux
18000 0 35.00 lux
19000 0 34.17 lux
20000 0 35.00 lux
21000 0 34.17 lux
22000 0 35.83 lux
23000 81 34.17 lux
24000 357 65.00 lux
25000 304 44.17 lux
26000 267 47.50 lux
27000 276 100.00 lux
28000 250 6.67 lux
29000 274 20.00 lux
30000 343 27.50 lux
31000 0 24.17 lux
32000 0 25.00 lux
33000 0 45.00 lux
34000 0 45.00 lux
35000 0 34.17 lux
36000 0 24.17 lux
37000 0 25.00 lux
38000 0 15.00 lux
39000 262 26.67 lux
40000 61 188.33 lux
41000 0 143.33 lux
42000 0 144.17 lux
43000 2 14.17 lux
44000 1 11.67 lux
45000 5 15.00 lux
46000 0 16.67 lux
47000 2 223.33 lux
48000 0 207.50 lux
49000 0 207.50 lux
50000 0 215.83 lux
51000 0 6.67 lux
52000 0 40.83 lux
53000 405 56.67 lux
54000 322 57.50 lux
55000 7 56.67 lux
56000 8 49.17 lux
57000 13 12.50 lux
58000 339 10.00 lux
59000 16 9.17 lux
60000 20 9.17 lux
61000 14 42.50 lux
62000 8 43.33 lux
63000 3 36.67 lux
64000 93 40.83 lux
65000 379 42.50 lux
66000 370 43.33 lux
67000 118 44.17 lux
68000 377 12.50 lux
69000 0 41.67 lux
70000 0 42.50 lux
71000 0 45.00 lux
72000 0 44.17 lux
73000 0 24.17 lux
74000 0 34.17 lux
75000 0 29.17 lux
76000 0 40.00 lux
77000 0 40.00 lux
78000 0 47.50 lux
79000 0 24.17 lux
80000 0 24.17 lux
81000 0 32.50 lux
82000 0 40.83 lux
83000 0 400.00 lux
84000 0 362.50 lux
85000 12 331.67 lux
86000 18 335.00 lux
87000 23 337.50 lux
88000 462 339.17 lux
89000 20 340.00 lux
90000 423 339.17 lux
91000 431 338.33 lux
92000 436 338.33 lux
93000 9 342.50 lux
94000 15 45.83 lux
95000 6 38.33 lux
96000 6 40.00 lux
97000 257 138.33 lux
98000 345 580.00 lux
99000 282 562.50 lux
100000 31 410.00 lux
101000 0 19.17 lux
102000 184 21.67 lux
103000 0 23.33 lux
104000 102 27.50 lux
105000 255 45.83 lux
106000 3 386.67 lux
107000 0 411.67 lux
108000 0 197.50 lux
109000 0 59.17 lux
110000 0 48.33 lux
111000 333 51.67 lux
112000 407 163.33 lux
113000 406 149.17 lux
114000 337 132.50 lux
115000 340 150.83 lux
116000 4 33.33 lux
117000 5 33.33 lux
118000 9 28.33 lux
119000 9 30.00 lux
120000 419 198.33 lux
121000 421 340.83 lux
122000 431 349.17 lux
123000 417 356.67 lux
124000 1 370.83 lux
125000 0 219.17 lux
126000 0 51.67 lux
127000 6 72.50 lux
128000 0 35.83 lux
129000 0 565.00 lux
130000 0 408.33 lux
131000 215 365.00 lux
132000 311 365.00 lux
133000 331 357.50 lux
134000 0 78.33 lux
135000 0 30.00 lux
136000 0 74.17 lux
137000 0 64.17 lux
138000 402 211.67 lux
139000 497 366.67 lux
140000 479 345.83 lux
141000 294 216.67 lux
142000 0 161.67 lux
143000 0 51.67 lux
144000 0 51.67 lux
145000 0 54.17 lux
146000 0 54.17 lux
147000 0 150.83 lux
148000 3 58.33 lux
149000 357 270.83 lux
150000 345 261.67 lux
151000 350 234.17 lux
152000 32 229.17 lux
153000 8 107.50 lux
154000 10 84.17 lux
155000 5 52.50 lux
156000 10 28.33 lux
157000 94 92.50 lux
158000 10 419.17 lux
159000 6 382.50 lux
160000 356 375.00 lux
161000 302 356.67 lux
162000 223 340.00 lux
163000 214 300.83 lux
164000 384 210.00 lux
165000 206 223.33 lux
166000 79 95.00 lux
167000 0 50.00 lux
168000 0 26.67 lux
169000 66 269.17 lux
170000 50 366.67 lux
171000 40 364.17 lux
172000 33 360.00 lux
173000 28 329.17 lux
174000 0 131.67 lux
175000 0 41.67 lux
176000 0 47.50 lux
177000 0 41.67 lux
178000 534 447.50 lux
179000 501 426.67 lux
180000 514 426.67 lux
181000 244 420.00 lux
182000 0 183.33 lux
183000 0 20.83 lux
184000 0 40.83 lux
185000 457 321.67 lux
186000 0 364.17 lux
187000 0 365.00 lux
188000 349 360.83 lux
189000 361 359.17 lux
190000 0 180.00 lux
191000 0 41.67 lux
192000 0 41.67 lux
193000 0 37.50 lux
194000 0 236.67 lux
195000 259 500.83 lux
196000 460 501.67 lux
197000 414 505.00 lux
198000 0 248.33 lux
199000 0 46.67 lux
200000 0 53.33 lux
201000 204 58.33 lux
202000 323 275.00 lux
203000 287 249.17 lux
204000 279 231.67 lux
205000 0 35.00 lux
206000 0 36.67 lux
207000 0 63.33 lux
208000 173 55.00 lux
209000 162 68.33 lux
210000 453 62.50 lux
211000 0 41.67 lux
212000 0 36.67 lux
213000 0 36.67 lux
214000 0 36.67 lux
215000 0 98.33 lux
216000 402 315.83 lux
217000 365 50.00 lux
218000 463 65.00 lux
219000 433 69.17 lux
220000 450 80.83 lux
221000 407 80.83 lux
222000 0 124.17 lux
223000 0 30.83 lux
224000 0 30.83 lux
225000 0 30.83 lux
226000 0 30.00 lux
227000 0 194.17 lux
228000 9 145.83 lux
229000 8 170.83 lux
230000 254 171.67 lux
231000 13 178.33 lux
232000 28 188.33 lux
233000 24 184.17 lux
234000 71 63.33 lux
235000 11 39.17 lux
236000 11 33.33 lux
237000 132 44.17 lux
238000 22 613.33 lux
239000 28 627.50 lux
240000 19 625.83 lux
241000 14 630.83 lux
242000 5 176.67 lux
243000 14 44.17 lux
244000 5 60.00 lux
245000 6 57.50 lux
246000 5 60.83 lux
247000 4 60.83 lux
248000 3 53.33 lux
249000 0 55.00 lux
250000 0 50.83 lux
251000 0 51.67 lux
252000 0 53.33 lux
253000 0 180.00 lux
254000 0 563.33 lux
255000 423 535.00 lux
256000 0 507.50 lux
257000 0 511.67 lux
258000 0 511.67 lux
259000 98 508.33 lux
260000 0 508.33 lux
261000 0 499.17 lux
262000 0 83.33 lux
263000 0 48.33 lux
264000 0 53.33 lux
265000 22 51.67 lux
266000 230 321.67 lux
267000 369 323.33 lux
268000 417 309.17 lux
269000 445 293.33 lux
270000 483 291.67 lux
271000 7 45.00 lux
272000 8 43.33 lux
273000 8 43.33 lux
274000 12 43.33 lux
275000 6 43.33 lux
276000 465 180.00 lux
277000 415 238.33 lux
278000 416 252.50 lux
279000 417 256.67 lux
280000 412 221.67 lux
281000 5 119.17 lux
282000 1 35.00 lux
283000 0 36.67 lux
284000 0 36.67 lux
285000 0 36.67 lux
286000 0 36.67 lux
287000 0 36.67 lux
288000 0 36.67 lux
289000 0 36.67 lux
290000 0 36.67 lux
291000 0 36.67 lux
292000 0 36.67 lux
293000 0 36.67 lux
294000 0 36.67 lux
295000 0 36.67 lux
296000 0 36.67 lux
297000 0 36.67 lux
298000 0 85.83 lux
299000 433 109.17 lux
300000 462 186.67 lux
301000 450 175.00 lux
302000 482 146.67 lux
303000 475 130.83 lux
304000 428 142.50 lux
305000 0 30.00 lux
306000 0 41.67 lux
307000 0 41.67 lux
308000 0 41.67 lux
309000 0 41.67 lux
310000 0 41.67 lux
311000 0 41.67 lux
312000 0 41.67 lux
313000 0 43.33 lux
314000 326 153.33 lux
315000 333 213.33 lux
316000 331 214.17 lux
317000 326 232.50 lux
318000 0 101.67 lux
319000 0 115.00 lux
320000 0 111.67 lux
321000 0 111.67 lux
322000 0 111.67 lux
323000 0 111.67 lux
324000 0 111.67 lux
325000 0 111.67 lux
326000 0 111.67 lux
327000 0 111.67 lux
328000 0 111.67 lux
329000 0 111.67 lux
330000 0 111.67 lux
331000 0 111.67 lux
332000 0 111.67 lux
333000 0 111.67 lux
334000 0 111.67 lux
335000 0 111.67 lux
336000 0 111.67 lux
337000 0 111.67 lux
338000 0 111.67 lux
339000 0 111.67 lux
340000 0 111.67 lux
341000 0 111.67 lux
342000 0 111.67 lux
343000 0 111.67 lux
344000 0 111.67 lux
345000 0 111.67 lux
346000 0 111.67 lux
347000 0 111.67 lux
348000 0 111.67 lux
349000 0 111.67 lux
350000 0 111.67 lux
351000 0 111.67 lux
352000 0 111.67 lux
353000 0 111.67 lux
354000 0 111.67 lux
355000 0 111.67 lux
356000 0 111.67 lux
357000 0 112.50 lux
358000 405 116.67 lux
359000 369 183.33 lux
360000 351 146.67 lux
361000 398 155.83 lux
362000 390 185.83 lux
363000 364 69.17 lux
364000 405 46.67 lux
365000 4 38.33 lux
366000 9 32.50 lux
367000 3 37.50 lux
368000 2 38.33 lux
369000 1 38.33 lux
370000 0 38.33 lux
371000 0 38.33 lux
372000 409 101.67 lux
373000 411 112.50 lux
374000 410 113.33 lux
375000 413 151.67 lux
376000 438 138.33 lux
377000 0 56.67 lux
378000 4 30.83 lux
379000 0 56.67 lux
380000 1 56.67 lux
381000 0 56.67 lux
382000 0 56.67 lux
383000 0 87.50 lux
384000 449 303.33 lux
385000 356 288.33 lux
386000 391 281.67 lux
387000 371 253.33 lux
388000 346 219.17 lux
389000 0 58.33 lux
390000 0 64.17 lux
391000 0 64.17 lux
392000 0 65.00 lux
393000 0 65.00 lux
394000 0 65.00 lux
395000 0 65.00 lux
396000 0 65.00 lux
397000 0 65.00 lux
398000 0 65.00 lux
399000 0 65.00 lux
400000 0 99.17 lux
401000 348 175.00 lux
402000 384 270.83 lux
403000 386 280.00 lux
404000 336 285.00 lux
405000 367 280.83 lux
406000 0 89.17 lux
407000 0 40.83 lux
408000 0 40.83 lux
409000 0 40.83 lux
410000 0 40.83 lux
411000 438 136.67 lux
412000 387 249.17 lux
413000 382 257.50 lux
414000 375 255.83 lux
415000 345 226.67 lux
416000 0 44.17 lux
417000 0 43.33 lux
418000 0 101.67 lux
419000 0 400.00 lux
420000 412 415.83 lux
421000 432 422.50 lux
422000 437 418.33 lux
423000 447 411.67 lux
424000 346 398.33 lux
425000 0 31.67 lux
426000 0 107.50 lux
427000 0 107.50 lux
428000 0 107.50 lux
429000 0 107.50 lux
430000 0 107.50 lux
431000 0 107.50 lux
432000 0 107.50 lux
433000 0 107.50 lux
434000 0 107.50 lux
435000 0 107.50 lux
436000 0 107.50 lux
437000 0 107.50 lux
438000 0 107.50 lux
439000 0 107.50 lux
440000 0 107.50 lux
441000 0 107.50 lux
442000 0 107.50 lux
443000 0 107.50 lux
444000 0 107.50 lux
445000 0 177.50 lux
446000 0 125.83 lux
447000 273 107.50 lux
448000 25 238.33 lux
449000 24 205.00 lux
450000 466 185.00 lux
451000 176 186.67 lux
452000 33 188.33 lux
453000 16 278.33 lux
454000 12 70.00 lux
455000 8 73.33 lux
456000 6 73.33 lux
457000 3 73.33 lux
458000 4 72.50 lux
459000 1 72.50 lux
460000 1 72.50 lux
461000 0 72.50 lux
462000 0 72.50 lux
463000 0 72.50 lux
464000 0 72.50 lux
465000 0 72.50 lux
466000 0 72.50 lux
467000 0 72.50 lux
468000 0 72.50 lux
469000 0 72.50 lux
470000 0 72.50 lux
471000 0 72.50 lux
472000 0 71.67 lux
473000 0 71.67 lux
474000 0 71.67 lux
475000 0 71.67 lux
476000 0 70.83 lux
477000 0 199.17 lux
478000 379 221.67 lux
479000 0 210.00 lux
480000 401 209.17 lux
481000 371 202.50 lux
482000 386 169.17 lux
483000 341 132.50 lux
484000 307 135.83 lux
485000 16 47.50 lux
486000 11 52.50 lux
487000 12 51.67 lux
488000 10 50.83 lux
489000 8 50.83 lux
490000 6 51.67 lux
491000 5 50.83 lux
492000 3 50.83 lux
493000 3 50.83 lux
494000 1 50.83 lux
495000 0 50.83 lux
496000 0 50.83 lux
497000 0 50.83 lux
498000 0 50.83 lux
499000 0 50.83 lux
500000 0 50.83 lux
501000 0 50.83 lux
502000 0 50.83 lux
503000 0 50.83 lux
504000 0 50.83 lux
505000 0 50.83 lux
506000 0 50.83 lux
507000 0 114.17 lux
508000 358 124.17 lux
509000 372 63.33 lux
510000 353 61.67 lux
511000 279 86.67 lux
512000 275 115.83 lux
513000 0 46.67 lux
514000 0 71.67 lux
515000 0 71.67 lux
516000 0 71.67 lux
517000 0 70.83 lux
518000 0 70.83 lux
519000 0 70.83 lux
520000 0 70.83 lux
521000 0 70.83 lux
522000 0 70.83 lux
523000 0 70.83 lux
524000 0 70.83 lux
525000 0 70.83 lux
526000 0 70.83 lux
527000 0 70.83 lux
528000 0 70.83 lux
529000 0 70.83 lux
530000 0 70.00 lux
531000 0 70.00 lux
532000 0 70.00 lux
533000 0 70.00 lux
534000 0 70.00 lux
535000 0 70.00 lux
536000 0 70.00 lux
537000 0 70.00 lux
538000 0 70.83 lux
539000 325 173.33 lux
540000 451 185.83 lux
541000 446 97.50 lux
542000 439 103.33 lux
543000 432 110.00 lux
544000 0 155.83 lux
545000 0 45.00 lux
546000 0 65.00 lux
547000 0 64.17 lux
548000 0 64.17 lux
549000 0 64.17 lux
550000 0 64.17 lux
551000 0 63.33 lux
552000 0 63.33 lux
553000 1 63.33 lux
554000 0 63.33 lux
555000 0 64.17 lux
556000 0 63.33 lux
557000 0 63.33 lux
558000 0 63.33 lux
559000 0 64.17 lux
560000 4 63.33 lux
561000 0 63.33 lux
562000 1 63.33 lux
563000 0 64.17 lux
564000 0 63.33 lux
565000 0 63.33 lux
566000 0 63.33 lux
567000 0 64.17 lux
568000 0 64.17 lux
569000 0 64.17 lux
570000 0 64.17 lux
571000 0 64.17 lux
572000 0 64.17 lux
573000 0 64.17 lux
574000 1 188.33 lux
575000 535 134.17 lux
576000 382 200.83 lux
577000 431 130.00 lux
578000 446 126.67 lux
579000 485 132.50 lux
580000 430 124.17 lux
581000 14 125.00 lux
582000 7 54.17 lux
583000 11 68.33 lux
584000 6 56.67 lux
585000 4 63.33 lux
586000 4 63.33 lux
587000 1 51.67 lux
588000 0 42.50 lux
589000 0 108.33 lux
590000 384 96.67 lux
591000 397 85.00 lux
592000 389 98.33 lux
593000 396 99.17 lux
594000 320 93.33 lux
595000 0 66.67 lux
596000 0 40.83 lux
597000 0 40.83 lux
598000 0 40.83 lux
599000 0 40.83 lux
600000 0 40.83 lux
601000 0 40.83 lux
602000 0 40.83 lux
603000 0 40.83 lux
604000 0 40.83 lux
605000 0 40.83 lux
606000 0 40.83 lux
607000 0 40.83 lux
608000 0 40.83 lux
609000 0 40.83 lux
610000 0 40.83 lux
611000 0 40.83 lux
612000 0 40.83 lux
613000 0 40.83 lux
614000 0 40.83 lux
615000 0 40.83 lux
616000 0 40.83 lux
617000 0 40.83 lux
618000 0 40.83 lux
619000 0 40.83 lux
620000 0 40.00 lux
621000 461 95.83 lux
622000 421 145.00 lux
623000 440 98.33 lux
624000 438 118.33 lux
625000 465 108.33 lux
626000 468 120.00 lux
627000 17 110.00 lux
628000 13 34.17 lux
629000 14 36.67 lux
630000 17 35.83 lux
631000 16 36.67 lux
632000 15 36.67 lux
633000 14 36.67 lux
634000 13 36.67 lux
635000 11 36.67 lux
636000 12 36.67 lux
637000 6 36.67 lux
638000 8 37.50 lux
639000 391 42.50 lux
640000 478 194.17 lux
641000 481 141.67 lux
642000 498 153.33 lux
643000 488 142.50 lux
644000 491 143.33 lux
645000 487 144.17 lux
646000 460 26.67 lux
647000 0 125.83 lux
648000 0 35.00 lux
649000 0 37.50 lux
650000 0 37.50 lux
651000 0 37.50 lux
652000 0 37.50 lux
653000 0 36.67 lux
654000 324 82.50 lux
655000 430 183.33 lux
656000 408 43.33 lux
657000 416 12.50 lux
658000 427 15.00 lux
659000 420 12.50 lux
660000 448 34.17 lux
661000 482 22.50 lux
662000 0 35.00 lux
663000 0 35.00 lux
664000 0 35.00 lux
665000 1 10.83 lux
666000 0 20.83 lux
667000 11 34.17 lux
668000 331 230.00 lux
669000 399 270.83 lux
670000 401 289.17 lux
671000 417 294.17 lux
672000 367 293.33 lux
673000 14 135.00 lux
674000 13 36.67 lux
675000 9 37.50 lux
676000 7 37.50 lux
677000 6 37.50 lux
678000 4 37.50 lux
679000 5 36.67 lux
680000 1 37.50 lux
681000 1 37.50 lux
682000 0 37.50 lux
683000 1 35.00 lux
684000 427 62.50 lux
685000 443 40.83 lux
686000 431 41.67 lux
687000 407 37.50 lux
688000 335 19.17 lux
689000 0 57.50 lux
690000 0 44.17 lux
691000 0 19.17 lux
692000 0 25.83 lux
693000 0 14.17 lux
694000 0 65.00 lux
695000 0 38.33 lux
696000 0 39.17 lux
697000 0 75.83 lux
698000 0 96.67 lux
699000 0 84.17 lux
700000 366 306.67 lux
701000 401 318.33 lux
702000 382 320.00 lux
703000 0 195.83 lux
704000 65 324.17 lux
705000 111 303.33 lux
706000 88 309.17 lux
707000 376 309.17 lux
708000 106 302.50 lux
709000 0 306.67 lux
710000 0 155.00 lux
711000 0 55.83 lux
712000 0 57.50 lux
713000 2 57.50 lux
714000 0 58.33 lux
715000 1 51.67 lux
716000 1 57.50 lux
717000 6 59.17 lux
718000 6 59.17 lux
719000 7 64.17 lux
720000 8 57.50 lux
721000 399 125.83 lux
722000 400 76.67 lux
723000 358 32.50 lux
724000 362 25.00 lux
725000 377 31.67 lux
726000 369 22.50 lux
727000 370 16.67 lux
728000 357 17.50 lux
729000 364 20.83 lux
730000 23 58.33 lux
731000 2 32.50 lux
732000 4 33.33 lux
733000 1 31.67 lux
734000 1 43.33 lux
735000 394 37.50 lux
736000 386 57.50 lux
737000 399 65.83 lux
738000 399 84.17 lux
739000 418 90.00 lux
740000 315 44.17 lux
741000 0 39.17 lux
742000 0 38.33 lux
743000 0 38.33 lux
744000 0 38.33 lux
745000 0 38.33 lux
746000 0 38.33 lux
747000 0 38.33 lux
748000 0 38.33 lux
749000 0 38.33 lux
750000 0 38.33 lux
751000 0 38.33 lux
752000 0 38.33 lux
753000 0 38.33 lux
754000 0 38.33 lux
755000 0 38.33 lux
756000 0 38.33 lux
757000 0 37.50 lux
758000 0 37.50 lux
759000 0 37.50 lux
760000 0 37.50 lux
761000 0 37.50 lux
762000 0 37.50 lux
763000 0 38.33 lux
764000 0 83.33 lux
765000 516 17.50 lux
766000 504 8.33 lux
767000 509 9.17 lux
768000 507 9.17 lux
769000 500 9.17 lux
770000 507 9.17 lux
771000 0 40.83 lux
772000 0 44.17 lux
773000 0 48.33 lux
774000 0 47.50 lux
775000 0 47.50 lux
776000 0 47.50 lux
777000 0 49.17 lux
778000 0 49.17 lux
779000 3 49.17 lux
780000 2 49.17 lux
781000 4 48.33 lux
782000 3 48.33 lux
783000 2 49.17 lux
784000 10 87.50 lux
785000 378 40.83 lux
786000 413 267.50 lux
787000 411 264.17 lux
788000 421 240.83 lux
789000 9 105.00 lux
790000 11 110.83 lux
791000 11 114.17 lux
792000 3 115.00 lux
793000 1 42.50 lux
794000 4 57.50 lux
795000 3 62.50 lux
796000 4 62.50 lux
797000 2 62.50 lux
798000 2 62.50 lux
799000 0 53.33 lux
800000 0 19.17 lux
801000 422 19.17 lux
802000 330 25.83 lux
803000 266 44.17 lux
804000 0 43.33 lux
805000 2 37.50 lux
806000 0 43.33 lux
807000 1 42.50 lux
808000 0 41.67 lux
809000 0 41.67 lux
810000 0 42.50 lux
811000 0 43.33 lux
812000 0 42.50 lux
813000 0 46.67 lux
814000 0 11.67 lux
815000 447 17.50 lux
816000 353 20.00 lux
817000 250 30.00 lux
818000 0 35.00 lux
819000 0 51.67 lux
820000 0 40.00 lux
821000 0 39.17 lux
822000 0 39.17 lux
823000 0 39.17 lux
824000 0 40.00 lux
825000 0 48.33 lux
826000 0 37.50 lux
827000 481 20.00 lux
828000 539 37.50 lux
829000 139 40.83 lux
830000 384 15.83 lux
831000 480 13.33 lux
832000 409 12.50 lux
833000 0 28.33 lux
834000 0 44.17 lux
835000 0 47.50 lux
836000 0 47.50 lux
837000 0 47.50 lux
838000 0 47.50 lux
839000 0 48.33 lux
840000 0 58.33 lux
841000 398 37.50 lux
842000 492 287.50 lux
843000 481 287.50 lux
844000 349 268.33 lux
845000 8 75.00 lux
846000 6 69.17 lux
847000 5 107.50 lux
848000 5 106.67 lux
849000 6 106.67 lux
850000 5 106.67 lux
851000 5 106.67 lux
852000 2 106.67 lux
853000 3 107.50 lux
854000 2 107.50 lux
855000 2 106.67 lux
856000 1 107.50 lux
857000 1 106.67 lux
858000 1 106.67 lux
859000 0 107.50 lux
860000 0 106.67 lux
861000 0 106.67 lux
862000 0 107.50 lux
863000 0 107.50 lux
864000 0 106.67 lux
865000 400 51.67 lux
866000 419 100.00 lux
867000 392 16.67 lux
868000 375 14.17 lux
869000 441 17.50 lux
870000 413 13.33 lux
871000 396 18.33 lux
872000 0 10.00 lux
873000 0 80.83 lux
874000 0 99.17 lux
875000 0 100.83 lux
876000 0 102.50 lux
877000 0 103.33 lux
878000 0 104.17 lux
879000 0 105.00 lux
880000 0 106.67 lux
881000 0 107.50 lux
882000 0 108.33 lux
883000 0 108.33 lux
884000 0 109.17 lux
885000 0 109.17 lux
886000 0 110.00 lux
887000 0 110.00 lux
888000 0 110.00 lux
889000 0 110.83 lux
890000 0 110.83 lux
891000 0 110.83 lux
892000 0 110.83 lux
893000 0 111.67 lux
894000 0 111.67 lux
895000 0 111.67 lux
896000 0 111.67 lux
897000 0 111.67 lux
898000 0 111.67 lux
899000 0 112.50 lux
900000 0 112.50 lux
901000 0 112.50 lux
902000 0 112.50 lux
903000 0 112.50 lux
904000 0 112.50 lux
905000 0 112.50 lux
906000 0 112.50 lux
907000 0 112.50 lux
908000 0 30.83 lux
909000 1 333.33 lux
910000 2 365.00 lux
911000 0 325.00 lux
912000 0 336.67 lux
913000 10 341.67 lux
914000 420 312.50 lux
915000 65 309.17 lux
916000 31 307.50 lux
917000 311 307.50 lux
918000 355 290.00 lux
919000 19 296.67 lux
920000 7 100.00 lux
921000 10 54.17 lux
922000 11 64.17 lux
923000 4 60.83 lux
924000 4 64.17 lux
925000 2 64.17 lux
926000 3 64.17 lux
927000 3 64.17 lux
928000 0 64.17 lux
929000 0 72.50 lux
930000 0 69.17 lux
931000 0 70.00 lux
932000 0 70.83 lux
933000 0 70.83 lux
934000 0 70.83 lux
935000 0 70.83 lux
936000 0 70.83 lux
937000 0 70.83 lux
938000 0 70.83 lux
939000 0 70.83 lux
940000 0 70.83 lux
941000 0 70.83 lux
942000 0 70.00 lux
943000 0 70.00 lux
944000 0 70.83 lux
945000 0 70.83 lux
946000 0 70.83 lux
947000 0 70.00 lux
948000 0 70.00 lux
949000 0 43.33 lux
950000 0 52.50 lux
951000 319 165.00 lux
952000 4 200.83 lux
953000 358 215.83 lux
954000 409 222.50 lux
955000 417 215.00 lux
956000 437 186.67 lux
957000 6 81.67 lux
958000 0 51.67 lux
959000 5 51.67 lux
960000 0 50.83 lux
961000 0 50.83 lux
962000 0 50.83 lux
963000 0 51.67 lux
964000 2 102.50 lux
965000 428 37.50 lux
966000 437 27.50 lux
967000 439 48.33 lux
968000 406 78.33 lux
969000 393 72.50 lux
970000 367 69.17 lux
971000 0 45.83 lux
972000 0 40.00 lux
973000 0 96.67 lux
974000 0 97.50 lux
975000 0 98.33 lux
976000 0 98.33 lux
977000 0 98.33 lux
978000 0 98.33 lux
979000 0 97.50 lux
980000 0 97.50 lux
981000 0 97.50 lux
982000 0 97.50 lux
983000 0 97.50 lux
984000 0 97.50 lux
985000 0 97.50 lux
986000 0 97.50 lux
987000 375 80.00 lux
988000 137 187.50 lux
989000 0 340.00 lux
990000 0 315.83 lux
991000 0 297.50 lux
992000 0 294.17 lux
993000 0 278.33 lux
994000 0 117.50 lux
995000 0 119.17 lux
996000 0 61.67 lux
997000 0 60.00 lux
998000 0 60.00 lux
999000 0 60.00 lux
1000000 0 60.00 lux
1001000 0 62.50 lux
1002000 0 60.83 lux
1003000 0 111.67 lux
1004000 0 55.83 lux
1005000 412 273.33 lux
1006000 442 280.83 lux
1007000 426 275.83 lux
1008000 435 277.50 lux
1009000 450 276.67 lux
1010000 405 272.50 lux
1011000 2 97.50 lux
1012000 0 43.33 lux
1013000 0 78.33 lux
1014000 0 79.17 lux
1015000 0 78.33 lux
1016000 0 80.00 lux
1017000 0 74.17 lux
1018000 185 98.33 lux
1019000 457 297.50 lux
1020000 434 304.17 lux
1021000 433 305.00 lux
1022000 440 307.50 lux
1023000 447 307.50 lux
1024000 408 310.83 lux
1025000 411 310.83 lux
1026000 28 332.50 lux
1027000 5 122.50 lux
1028000 6 55.83 lux
1029000 4 65.00 lux
1030000 468 111.67 lux
1031000 430 63.33 lux
1032000 404 68.33 lux
1033000 408 70.83 lux
1034000 9 40.00 lux
1035000 10 40.00 lux
1036000 10 40.00 lux
1037000 9 40.00 lux
1038000 7 40.00 lux
1039000 6 40.00 lux
1040000 4 40.00 lux
1041000 10 39.17 lux
1042000 397 45.83 lux
1043000 390 10.83 lux
1044000 387 10.83 lux
1045000 418 10.83 lux
1046000 357 11.67 lux
1047000 377 11.67 lux
1048000 2 69.17 lux
1049000 0 55.00 lux
1050000 0 55.83 lux
1051000 0 58.33 lux
1052000 0 62.50 lux
1053000 0 62.50 lux
1054000 0 25.83 lux
1055000 0 30.00 lux
1056000 0 30.00 lux
1057000 0 27.50 lux
1058000 0 24.17 lux
1059000 540 299.17 lux
1060000 556 355.00 lux
1061000 526 344.17 lux
1062000 505 340.00 lux
1063000 521 341.67 lux
1064000 502 342.50 lux
1065000 503 341.67 lux
1066000 443 335.83 lux
1067000 411 337.50 lux
1068000 430 345.83 lux
1069000 0 33.33 lux
1070000 2 32.50 lux
1071000 0 59.17 lux
1072000 0 69.17 lux
1073000 0 68.33 lux
1074000 503 143.33 lux
1075000 451 309.17 lux
1076000 427 294.17 lux
1077000 414 295.00 lux
1078000 425 286.67 lux
1079000 453 296.67 lux
1080000 427 306.67 lux
1081000 6 49.17 lux
1082000 8 13.33 lux
1083000 9 13.33 lux
1084000 10 13.33 lux
1085000 9 14.17 lux
1086000 454 33.33 lux
1087000 527 330.00 lux
1088000 487 325.83 lux
1089000 457 327.50 lux
1090000 421 324.17 lux
1091000 432 326.67 lux
1092000 407 329.17 lux
1093000 401 329.17 lux
1094000 0 57.50 lux
1095000 0 73.33 lux
1096000 0 101.67 lux
1097000 0 101.67 lux
1098000 0 101.67 lux
1099000 0 102.50 lux
1100000 0 102.50 lux
1101000 0 94.17 lux
1102000 428 273.33 lux
1103000 365 297.50 lux
1104000 369 293.33 lux
1105000 365 304.17 lux
1106000 369 305.83 lux
1107000 352 305.83 lux
1108000 368 307.50 lux
1109000 338 250.00 lux
1110000 0 84.17 lux
1111000 0 115.00 lux
1112000 0 115.00 lux
1113000 0 115.00 lux
1114000 0 115.83 lux
1115000 0 115.00 lux
1116000 349 196.67 lux
1117000 354 330.00 lux
1118000 383 326.67 lux
1119000 356 335.00 lux
1120000 356 335.00 lux
1121000 352 335.00 lux
1122000 364 336.67 lux
1123000 368 333.33 lux
1124000 0 197.50 lux
1125000 0 139.17 lux
1126000 0 142.50 lux
1127000 0 142.50 lux
1128000 0 143.33 lux
1129000 0 122.50 lux
1130000 0 125.00 lux
1131000 0 121.67 lux
1132000 0 170.83 lux
1133000 63 248.33 lux
1134000 4 247.50 lux
1135000 7 245.83 lux
1136000 11 246.67 lux
1137000 7 248.33 lux
1138000 8 254.17 lux
1139000 9 249.17 lux
1140000 5 22.50 lux
1141000 14 30.00 lux
1142000 5 55.00 lux
1143000 9 63.33 lux
1144000 9 53.33 lux
1145000 16 40.00 lux
1146000 11 40.00 lux
1147000 10 40.83 lux
1148000 10 36.67 lux
1149000 63 30.83 lux
1150000 547 364.17 lux
1151000 491 355.83 lux
1152000 496 357.50 lux
1153000 474 357.50 lux
1154000 481 357.50 lux
1155000 479 352.50 lux
1156000 455 350.83 lux
1157000 434 346.67 lux
1158000 4 72.50 lux
1159000 1 93.33 lux
1160000 0 111.67 lux
1161000 1 111.67 lux
1162000 0 112.50 lux
1163000 0 111.67 lux
1164000 0 112.50 lux
1165000 0 75.83 lux
1166000 6 381.67 lux
1167000 8 366.67 lux
1168000 0 367.50 lux
1169000 1 368.33 lux
1170000 3 371.67 lux
1171000 147 368.33 lux
1172000 5 364.17 lux
1173000 0 365.00 lux
1174000 0 359.17 lux
1175000 0 19.17 lux
1176000 0 20.83 lux
1177000 0 18.33 lux
1178000 0 18.33 lux
1179000 0 240.00 lux
1180000 434 324.17 lux
1181000 195 324.17 lux
1182000 139 327.50 lux
1183000 156 326.67 lux
1184000 211 326.67 lux
1185000 197 324.17 lux
1186000 194 324.17 lux
1187000 223 321.67 lux
1188000 0 34.17 lux
1189000 0 48.33 lux
1190000 0 87.50 lux
1191000 0 85.00 lux
1192000 0 85.00 lux
1193000 0 85.83 lux
1194000 0 36.67 lux
1195000 533 231.67 lux
1196000 428 317.50 lux
1197000 433 317.50 lux
1198000 442 315.83 lux
1199000 489 313.33 lux
1200000 490 314.17 lux
1201000 486 315.00 lux
1202000 420 312.50 lux
1203000 0 41.67 lux
1204000 0 75.83 lux
1205000 0 84.17 lux
1206000 0 84.17 lux
1207000 0 46.67 lux
1208000 0 33.33 lux
1209000 429 380.00 lux
1210000 400 366.67 lux
1211000 292 368.33 lux
1212000 358 368.33 lux
1213000 0 279.17 lux
1214000 0 240.83 lux
1215000 0 240.83 lux
1216000 0 240.83 lux
1217000 0 240.83 lux
1218000 0 241.67 lux
1219000 0 240.83 lux
1220000 0 240.83 lux
1221000 0 240.83 lux
1222000 0 240.83 lux
1223000 0 240.83 lux
1224000 0 240.83 lux
1225000 0 240.83 lux
1226000 0 240.83 lux
1227000 0 240.83 lux
1228000 0 240.83 lux
1229000 0 240.83 lux
1230000 0 240.83 lux
1231000 0 240.83 lux
1232000 0 240.83 lux
1233000 0 240.83 lux
1234000 0 240.83 lux
1235000 0 240.83 lux
1236000 0 240.83 lux
1237000 0 240.83 lux
1238000 0 240.83 lux
1239000 0 240.83 lux
1240000 0 240.83 lux
1241000 0 240.83 lux
1242000 0 240.83 lux
1243000 0 240.83 lux
1244000 0 240.83 lux
1245000 0 240.83 lux
1246000 0 240.00 lux
1247000 0 240.00 lux
1248000 0 240.00 lux
1249000 0 240.00 lux
1250000 0 240.00 lux
1251000 0 240.00 lux
1252000 0 240.00 lux
1253000 0 240.00 lux
1254000 0 240.00 lux
1255000 0 240.00 lux
1256000 0 240.00 lux
1257000 0 240.00 lux
1258000 0 240.00 lux
1259000 0 240.00 lux
1260000 0 240.00 lux
1261000 0 240.00 lux
1262000 0 240.00 lux
1263000 0 232.50 lux
1264000 0 228.33 lux
1265000 0 229.17 lux
1266000 0 229.17 lux
1267000 0 228.33 lux
1268000 0 229.17 lux
1269000 0 228.33 lux
1270000 0 200.83 lux
1271000 0 200.83 lux
1272000 0 200.83 lux
1273000 0 200.83 lux
1274000 0 200.83 lux
1275000 0 200.83 lux
1276000 0 200.83 lux
1277000 0 200.83 lux
1278000 0 200.83 lux
1279000 0 198.33 lux
1280000 0 198.33 lux
1281000 0 198.33 lux
1282000 0 198.33 lux
1283000 0 198.33 lux
1284000 0 198.33 lux
1285000 0 198.33 lux
1286000 0 198.33 lux
1287000 0 199.17 lux
1288000 0 199.17 lux
1289000 0 199.17 lux
1290000 0 199.17 lux
1291000 0 200.00 lux
1292000 0 200.00 lux
1293000 0 196.67 lux
1294000 0 195.83 lux
1295000 0 195.00 lux
1296000 0 195.00 lux
1297000 0 195.83 lux
1298000 0 195.83 lux
1299000 0 195.00 lux
1300000 0 195.83 lux
1301000 0 195.83 lux
1302000 0 195.00 lux
1303000 0 195.00 lux
1304000 0 195.00 lux
1305000 0 195.00 lux
1306000 0 195.00 lux
1307000 0 195.00 lux
1308000 0 195.00 lux
1309000 0 200.00 lux
1310000 0 199.17 lux
1311000 0 199.17 lux
1312000 0 199.17 lux
1313000 0 199.17 lux
1314000 0 199.17 lux
1315000 0 199.17 lux
1316000 0 199.17 lux
1317000 0 200.00 lux
1318000 0 199.17 lux
1319000 0 199.17 lux
1320000 0 200.00 lux
1321000 0 199.17 lux
1322000 0 199.17 lux
1323000 0 199.17 lux
1324000 0 199.17 lux
1325000 0 199.17 lux
1326000 0 199.17 lux
1327000 0 199.17 lux
1328000 0 200.00 lux
1329000 0 200.00 lux
1330000 0 199.17 lux
1331000 0 200.00 lux
1332000 1 200.00 lux
1333000 2 200.00 lux
1334000 0 199.17 lux
1335000 0 199.17 lux
1336000 0 199.17 lux
1337000 0 199.17 lux
1338000 0 199.17 lux
1339000 0 199.17 lux
1340000 0 199.17 lux
1341000 0 199.17 lux
1342000 0 198.33 lux
1343000 0 198.33 lux
1344000 0 198.33 lux
1345000 0 198.33 lux
1346000 0 199.17 lux
1347000 0 199.17 lux
1348000 0 199.17 lux
1349000 0 199.17 lux
1350000 0 199.17 lux
1351000 0 199.17 lux
1352000 0 199.17 lux
1353000 0 199.17 lux
1354000 0 199.17 lux
1355000 0 199.17 lux
1356000 0 199.17 lux
1357000 0 199.17 lux
1358000 0 199.17 lux
1359000 0 199.17 lux
1360000 0 199.17 lux
1361000 0 199.17 lux
1362000 0 199.17 lux
1363000 0 199.17 lux

