500 12 0.00 lux
1000 0 0.00 lux
1500 0 0.00 lux
2000 0 0.00 lux
2500 0 0.00 lux
3000 0 0.00 lux
3500 0 0.00 lux
4000 0 0.00 lux
4500 0 0.00 lux
5000 0 0.00 lux
5500 0 0.00 lux
6000 0 0.00 lux
6500 0 0.00 lux
7000 0 0.00 lux
7500 0 0.00 lux
8000 0 0.00 lux
8500 0 0.00 lux
9000 0 0.00 lux
9500 0 0.00 lux
10000 0 0.00 lux
10500 0 0.00 lux
11000 0 0.00 lux
11500 0 0.00 lux
12000 0 0.00 lux
12500 0 0.00 lux
13000 0 0.00 lux
13500 0 0.00 lux
14000 0 0.00 lux
14500 0 0.00 lux
15000 0 0.00 lux
15500 0 0.00 lux
16000 0 0.00 lux
16500 0 0.00 lux
17000 0 0.00 lux
17500 0 0.00 lux
18000 0 0.00 lux
18500 0 0.00 lux
19000 0 0.00 lux
19500 0 0.00 lux
20000 0 0.00 lux
20500 0 0.00 lux
21000 0 0.00 lux
21500 0 0.00 lux
22000 0 0.00 lux
22500 0 0.00 lux
23000 0 0.00 lux
23500 0 0.00 lux
24000 0 0.00 lux
24500 0 0.00 lux
25000 0 0.00 lux
25500 0 0.00 lux
26000 0 0.00 lux
26500 0 0.00 lux
27000 0 0.00 lux
27500 0 0.00 lux
28000 0 0.00 lux
28500 0 0.00 lux
29000 0 0.00 lux
29500 0 0.00 lux
30000 0 0.00 lux
30500 0 0.00 lux
31000 0 0.00 lux
31500 0 0.00 lux
32000 0 0.00 lux
32500 0 0.00 lux
33000 0 0.00 lux
33500 0 0.00 lux
34000 0 0.00 lux
34500 0 0.00 lux
35000 0 0.00 lux
35500 0 0.00 lux
36000 0 0.00 lux
36500 0 0.00 lux
37000 0 0.00 lux
37500 0 0.00 lux
38000 0 0.00 lux
38500 0 0.00 lux
39000 0 0.00 lux
39500 0 0.00 lux
40000 0 0.00 lux
40500 0 0.00 lux
41000 0 0.00 lux
41500 0 0.00 lux
42000 0 0.00 lux
42500 0 0.00 lux
43000 0 0.00 lux
43500 0 0.00 lux
44000 0 0.00 lux
44500 0 0.00 lux
45000 0 0.00 lux
45500 0 0.00 lux
46000 0 0.00 lux
46500 0 0.00 lux
47000 0 0.00 lux
47500 0 0.00 lux
48000 0 0.00 lux
48500 0 0.00 lux
49000 0 0.00 lux
49500 0 0.00 lux
50000 0 0.00 lux
50500 0 0.00 lux
51000 0 0.00 lux
51500 0 0.00 lux
52000 0 0.00 lux
52500 0 0.00 lux
53000 0 0.00 lux
53500 0 0.00 lux
54000 0 0.00 lux
54500 0 0.00 lux
55000 0 0.00 lux
55500 0 0.00 lux
56000 0 0.00 lux
56500 0 0.00 lux
57000 0 0.00 lux
57500 0 0.00 lux
58000 0 0.00 lux
58500 0 0.00 lux
59000 0 0.00 lux
59500 0 0.00 lux
60000 0 0.00 lux
60500 0 0.00 lux
61000 0 0.00 lux
61500 0 0.00 lux
62000 0 0.00 lux
62500 0 0.00 lux
63000 0 0.00 lux
63500 0 0.00 lux
64000 0 0.00 lux
64500 0 0.00 lux
65000 0 0.00 lux
65500 0 0.00 lux
66000 0 0.00 lux
66500 0 0.00 lux
67000 0 0.00 lux
67500 0 0.00 lux
68000 0 0.00 lux
68500 0 0.00 lux
69000 0 0.00 lux
69500 0 0.00 lux
70000 0 77.50 lux
70500 0 78.33 lux
71000 173 77.50 lux
71500 436 74.17 lux
72000 380 74.17 lux
72500 254 70.83 lux
73000 411 66.67 lux
73500 439 61.67 lux
74000 294 60.83 lux
74500 230 60.83 lux
75000 166 60.83 lux
75500 185 62.50 lux
76000 0 80.00 lux
76500 215 80.00 lux
77000 0 36.67 lux
77500 0 0.00 lux
78000 0 0.00 lux
78500 0 0.00 lux
79000 0 0.00 lux
79500 0 0.00 lux
80000 0 0.00 lux
80500 0 0.00 lux
81000 0 0.00 lux
81500 0 0.00 lux
82000 0 0.00 lux
82500 0 0.00 lux
83000 0 0.00 lux
83500 0 0.00 lux
84000 0 0.00 lux
84500 0 0.00 lux
85000 0 0.00 lux
85500 0 0.00 lux
86000 0 0.00 lux
86500 108 56.67 lux
87000 295 74.17 lux
87500 467 63.33 lux
88000 372 57.50 lux
88500 332 56.67 lux
89000 427 56.67 lux
89500 427 55.83 lux
90000 446 56.67 lux
90500 468 56.67 lux
91000 477 57.50 lux
91500 481 55.83 lux
92000 475 56.67 lux
92500 407 56.67 lux
93000 391 56.67 lux
93500 258 64.17 lux
94000 15 76.67 lux
94500 72 46.67 lux
95000 0 0.00 lux
95500 0 0.00 lux
96000 0 0.00 lux
96500 0 0.00 lux
97000 0 0.00 lux
97500 0 0.00 lux
98000 0 0.00 lux
98500 0 0.00 lux
99000 0 0.00 lux
99500 0 0.00 lux
100000 0 0.00 lux
100500 0 0.00 lux
101000 0 0.00 lux
101500 0 0.00 lux
102000 0 0.00 lux
102500 0 0.00 lux
103000 0 0.00 lux
103500 0 0.00 lux
104000 0 0.00 lux
104500 0 0.00 lux
105000 0 0.00 lux
105500 445 64.17 lux
106000 488 78.33 lux
106500 502 65.83 lux
107000 515 58.33 lux
107500 479 55.00 lux
108000 498 53.33 lux
108500 498 52.50 lux
109000 497 51.67 lux
109500 501 51.67 lux
110000 503 51.67 lux
110500 510 51.67 lux
111000 510 51.67 lux
111500 522 51.67 lux
112000 510 51.67 lux
112500 516 51.67 lux
113000 470 51.67 lux
113500 479 50.83 lux
114000 482 50.83 lux
114500 487 51.67 lux
115000 507 50.83 lux
115500 450 51.67 lux
116000 409 66.67 lux
116500 0 20.83 lux
117000 0 0.00 lux
117500 0 0.00 lux
118000 0 0.00 lux
118500 0 0.00 lux
119000 0 0.00 lux
119500 0 0.00 lux
120000 0 0.00 lux
120500 0 0.00 lux
121000 0 0.00 lux
121500 0 0.00 lux
122000 0 0.00 lux
122500 0 0.00 lux
123000 0 0.00 lux
123500 0 0.00 lux
124000 0 0.00 lux
124500 0 0.00 lux
125000 0 0.00 lux
125500 0 60.83 lux
126000 223 57.50 lux
126500 267 50.83 lux
127000 251 50.00 lux
127500 252 49.17 lux
128000 188 49.17 lux
128500 221 49.17 lux
129000 317 49.17 lux
129500 229 49.17 lux
130000 254 49.17 lux
130500 232 49.17 lux
131000 236 49.17 lux
131500 263 49.17 lux
132000 1 57.50 lux
132500 0 74.17 lux
133000 0 75.00 lux
133500 0 74.17 lux
134000 0 74.17 lux
134500 0 6.67 lux
135000 0 0.00 lux
135500 0 0.00 lux
136000 0 0.00 lux
136500 0 0.00 lux
137000 0 0.00 lux
137500 0 0.00 lux
138000 0 0.00 lux
138500 0 0.00 lux
139000 0 0.00 lux
139500 0 0.00 lux
140000 0 0.00 lux
140500 0 0.00 lux
141000 0 0.00 lux
141500 0 0.00 lux
142000 0 0.00 lux
142500 0 0.00 lux
143000 0 0.00 lux
143500 0 0.00 lux
144000 0 0.00 lux
144500 0 0.00 lux
145000 0 0.00 lux
145500 0 0.00 lux
146000 0 0.00 lux
146500 0 0.00 lux
147000 0 0.00 lux
147500 0 0.00 lux
148000 0 0.00 lux
148500 0 0.00 lux
149000 0 0.00 lux
149500 0 0.00 lux
150000 0 0.00 lux
150500 0 0.00 lux
151000 0 0.00 lux
151500 0 0.00 lux
152000 0 0.00 lux
152500 0 0.00 lux
153000 0 0.00 lux
153500 0 0.00 lux
154000 0 0.00 lux
154500 0 0.00 lux
155000 0 0.00 lux
155500 0 0.00 lux
156000 0 0.00 lux
156500 0 0.00 lux
157000 0 0.00 lux
157500 0 0.00 lux
158000 0 0.00 lux
158500 0 0.00 lux
159000 0 0.00 lux
159500 0 0.00 lux
160000 0 0.00 lux
160500 0 0.00 lux
161000 0 0.00 lux
161500 0 0.00 lux
162000 0 0.00 lux
162500 0 0.00 lux
163000 0 0.00 lux
163500 0 0.00 lux
164000 0 0.00 lux
164500 0 0.00 lux
165000 0 0.00 lux
165500 0 0.00 lux
166000 0 0.00 lux
166500 0 0.00 lux
167000 0 0.00 lux
167500 0 0.00 lux
168000 0 0.00 lux
168500 0 0.00 lux
169000 0 0.00 lux
169500 0 0.00 lux
170000 0 0.00 lux
170500 0 0.00 lux
171000 0 0.00 lux
171500 0 0.00 lux
172000 0 0.00 lux
172500 0 0.00 lux
173000 0 60.00 lux
173500 0 74.17 lux
174000 93 74.17 lux
174500 5 58.33 lux
175000 166 54.17 lux
175500 121 54.17 lux
176000 139 53.33 lux
176500 53 53.33 lux
177000 0 53.33 lux
177500 115 53.33 lux
178000 140 52.50 lux
178500 140 53.33 lux
179000 84 68.33 lux
179500 0 70.00 lux
180000 0 70.00 lux
180500 0 70.00 lux
181000 0 69.17 lux
181500 0 69.17 lux
182000 0 0.00 lux
182500 0 0.00 lux
183000 0 0.00 lux
183500 0 0.00 lux
184000 0 0.00 lux
184500 0 0.00 lux
185000 0 0.00 lux
185500 0 0.00 lux
186000 0 0.00 lux
186500 0 59.17 lux
187000 0 62.50 lux
187500 0 60.83 lux
188000 202 60.00 lux
188500 367 65.83 lux
189000 234 65.00 lux
189500 288 63.33 lux
190000 0 56.67 lux
190500 0 55.00 lux
191000 0 52.50 lux
191500 51 56.67 lux
192000 158 58.33 lux
192500 283 67.50 lux
193000 450 75.83 lux
193500 427 75.83 lux
194000 238 72.50 lux
194500 0 38.33 lux
195000 0 0.00 lux
195500 0 0.00 lux
196000 0 0.00 lux
196500 0 0.00 lux
197000 0 0.00 lux
197500 0 0.00 lux
198000 0 0.00 lux
198500 0 0.00 lux
199000 418 7.50 lux
199500 466 69.17 lux
200000 537 64.17 lux
200500 571 55.83 lux
201000 555 50.83 lux
201500 575 50.83 lux
202000 515 51.67 lux
202500 499 51.67 lux
203000 510 50.83 lux
203500 574 50.00 lux
204000 559 50.00 lux
204500 573 49.17 lux
205000 425 56.67 lux
205500 3 30.00 lux
206000 0 0.00 lux
206500 0 0.00 lux
207000 0 0.00 lux
207500 0 0.00 lux
208000 0 0.00 lux
208500 0 0.00 lux
209000 0 0.00 lux
209500 0 0.00 lux
210000 0 0.00 lux
210500 0 0.00 lux
211000 0 0.00 lux
211500 0 0.00 lux
212000 0 0.00 lux
212500 425 0.83 lux
213000 423 68.33 lux
213500 426 62.50 lux
214000 404 45.00 lux
214500 387 45.83 lux
215000 436 44.17 lux
215500 466 45.00 lux
216000 453 45.00 lux
216500 438 44.17 lux
217000 461 45.00 lux
217500 464 45.00 lux
218000 465 45.00 lux
218500 468 45.00 lux
219000 453 45.00 lux
219500 453 45.00 lux
220000 420 45.83 lux
220500 466 45.00 lux
221000 365 47.50 lux
221500 309 59.17 lux
222000 237 69.17 lux
222500 1 13.33 lux
223000 0 0.00 lux
223500 0 0.00 lux
224000 0 0.00 lux
224500 0 0.00 lux
225000 162 0.00 lux
225500 287 39.17 lux
226000 95 73.33 lux
226500 169 75.83 lux
227000 366 75.83 lux
227500 393 74.17 lux
228000 455 74.17 lux
228500 411 74.17 lux
229000 398 75.00 lux
229500 414 75.00 lux
230000 450 75.00 lux
230500 435 75.00 lux
231000 0 77.50 lux
231500 0 72.50 lux
232000 0 66.67 lux
232500 0 0.00 lux
233000 0 0.00 lux
233500 0 0.00 lux
234000 0 0.00 lux
234500 0 0.00 lux
235000 0 0.00 lux
235500 405 4.17 lux
236000 135 82.50 lux
236500 364 85.83 lux
237000 418 76.67 lux
237500 416 77.50 lux
238000 431 77.50 lux
238500 413 78.33 lux
239000 448 78.33 lux
239500 439 78.33 lux
240000 448 78.33 lux
240500 417 78.33 lux
241000 436 78.33 lux
241500 437 79.17 lux
242000 428 79.17 lux
242500 108 84.17 lux
243000 0 76.67 lux
243500 0 5.83 lux
244000 0 0.00 lux
244500 0 0.00 lux
245000 0 0.00 lux
245500 0 0.00 lux
246000 0 0.00 lux
246500 0 0.00 lux
247000 87 0.00 lux
247500 420 19.17 lux
248000 425 42.50 lux
248500 331 27.50 lux
249000 266 25.00 lux
249500 351 25.00 lux
250000 340 25.00 lux
250500 272 25.83 lux
251000 262 25.00 lux
251500 288 25.83 lux
252000 269 25.00 lux
252500 357 25.00 lux
253000 229 25.00 lux
253500 462 54.17 lux
254000 324 65.83 lux
254500 0 62.50 lux
255000 0 0.00 lux
255500 0 0.00 lux
256000 0 0.00 lux
256500 0 0.00 lux
257000 0 0.00 lux
257500 219 66.67 lux
258000 510 64.17 lux
258500 528 55.83 lux
259000 517 48.33 lux
259500 534 43.33 lux
260000 521 43.33 lux
260500 522 43.33 lux
261000 527 43.33 lux
261500 517 43.33 lux
262000 514 43.33 lux
262500 526 43.33 lux
263000 527 43.33 lux
263500 422 47.50 lux
264000 0 65.00 lux
264500 250 51.67 lux
265000 0 0.00 lux
265500 0 0.00 lux
266000 0 0.00 lux
266500 0 0.00 lux
267000 0 0.00 lux
267500 0 0.00 lux
268000 0 0.00 lux
268500 0 0.00 lux
269000 0 0.00 lux
269500 0 0.00 lux
270000 107 0.00 lux
270500 373 62.50 lux
271000 178 58.33 lux
271500 282 51.67 lux
272000 320 50.83 lux
272500 316 50.00 lux
273000 361 49.17 lux
273500 338 49.17 lux
274000 283 48.33 lux
274500 434 46.67 lux
275000 467 46.67 lux
275500 459 47.50 lux
276000 460 47.50 lux
276500 453 46.67 lux
277000 455 45.83 lux
277500 417 46.67 lux
278000 215 65.00 lux
278500 0 65.00 lux
279000 0 0.00 lux
279500 0 0.00 lux
280000 0 0.00 lux
280500 0 0.00 lux
281000 0 0.00 lux
281500 0 0.00 lux
282000 0 0.00 lux
282500 0 0.00 lux
283000 292 2.50 lux
283500 365 77.50 lux
284000 270 83.33 lux
284500 239 85.83 lux
285000 317 86.67 lux
285500 319 86.67 lux
286000 261 86.67 lux
286500 348 87.50 lux
287000 314 87.50 lux
287500 300 87.50 lux
288000 331 87.50 lux
288500 200 85.83 lux
289000 1 72.50 lux
289500 0 2.50 lux
290000 0 0.00 lux
290500 0 0.00 lux
291000 0 0.00 lux
291500 0 0.00 lux
292000 0 0.00 lux
292500 0 0.00 lux
293000 480 0.00 lux
293500 509 25.00 lux
294000 487 64.17 lux
294500 504 59.17 lux
295000 483 55.00 lux
295500 495 54.17 lux
296000 513 54.17 lux
296500 505 53.33 lux
297000 481 53.33 lux
297500 492 52.50 lux
298000 451 51.67 lux
298500 405 51.67 lux
299000 314 62.50 lux
299500 290 66.67 lux
300000 2 0.00 lux
300500 0 0.00 lux
301000 0 0.00 lux
301500 0 0.00 lux
302000 0 0.00 lux
302500 0 0.00 lux
303000 358 2.50 lux
303500 359 68.33 lux
304000 247 74.17 lux
304500 173 74.17 lux
305000 137 75.00 lux
305500 245 75.00 lux
306000 283 75.83 lux
306500 201 75.83 lux
307000 234 76.67 lux
307500 297 76.67 lux
308000 307 76.67 lux
308500 313 75.83 lux
309000 415 75.00 lux
309500 156 30.00 lux
310000 260 0.83 lux
310500 0 0.00 lux
311000 0 0.00 lux
311500 0 0.00 lux
312000 0 0.00 lux
312500 0 0.00 lux
313000 0 0.00 lux
313500 0 0.00 lux
314000 0 25.00 lux
314500 0 63.33 lux
315000 210 63.33 lux
315500 334 50.00 lux
316000 359 45.00 lux
316500 378 44.17 lux
317000 381 43.33 lux
317500 381 43.33 lux
318000 383 42.50 lux
318500 384 43.33 lux
319000 402 42.50 lux
319500 378 42.50 lux
320000 391 42.50 lux
320500 395 42.50 lux
321000 389 42.50 lux
321500 179 46.67 lux
322000 2 64.17 lux
322500 0 42.50 lux
323000 0 0.00 lux
323500 0 0.00 lux
324000 0 0.00 lux
324500 0 0.00 lux
325000 0 0.00 lux
325500 0 0.00 lux
326000 0 0.00 lux
326500 0 0.00 lux
327000 0 0.00 lux
327500 0 0.00 lux
328000 0 0.00 lux
328500 372 0.00 lux
329000 305 62.50 lux
329500 0 56.67 lux
330000 301 50.00 lux
330500 0 49.17 lux
331000 340 49.17 lux
331500 350 51.67 lux
332000 310 54.17 lux
332500 374 51.67 lux
333000 366 51.67 lux
333500 376 50.83 lux
334000 359 51.67 lux
334500 337 55.83 lux
335000 300 60.83 lux
335500 335 66.67 lux
336000 0 60.00 lux
336500 349 0.00 lux
337000 0 0.00 lux
337500 0 0.00 lux
338000 0 0.00 lux
338500 0 0.00 lux
339000 0 0.00 lux
339500 0 0.00 lux
340000 0 0.00 lux
340500 368 0.00 lux
341000 491 56.67 lux
341500 372 82.50 lux
342000 368 85.00 lux
342500 324 86.67 lux
343000 348 85.83 lux
343500 362 85.83 lux
344000 391 86.67 lux
344500 360 86.67 lux
345000 440 86.67 lux
345500 353 86.67 lux
346000 412 87.50 lux
346500 389 86.67 lux
347000 408 86.67 lux
347500 0 80.83 lux
348000 0 70.00 lux
348500 0 0.00 lux
349000 0 0.00 lux
349500 0 0.00 lux
350000 0 0.00 lux
350500 0 0.00 lux
351000 0 0.00 lux
351500 0 0.00 lux
352000 0 0.00 lux
352500 0 0.00 lux
353000 0 0.00 lux
353500 0 0.00 lux
354000 0 0.00 lux
354500 376 0.00 lux
355000 368 35.83 lux
355500 202 58.33 lux
356000 377 51.67 lux
356500 383 48.33 lux
357000 358 47.50 lux
357500 359 48.33 lux
358000 336 47.50 lux
358500 367 48.33 lux
359000 374 48.33 lux
359500 374 48.33 lux
360000 383 48.33 lux
360500 305 48.33 lux
361000 0 55.83 lux
361500 0 31.67 lux
362000 0 0.00 lux
362500 0 0.00 lux
363000 0 0.00 lux
363500 0 0.00 lux
364000 0 0.00 lux
364500 0 0.00 lux
365000 0 0.00 lux
365500 0 0.00 lux
366000 0 0.00 lux
366500 28 0.00 lux
367000 370 54.17 lux
367500 372 59.17 lux
368000 345 59.17 lux
368500 250 59.17 lux
369000 191 59.17 lux
369500 182 59.17 lux
370000 219 58.33 lux
370500 298 59.17 lux
371000 317 59.17 lux
371500 86 60.00 lux
372000 0 68.33 lux
372500 0 9.17 lux
373000 0 0.00 lux
373500 0 0.00 lux
374000 0 0.00 lux
374500 0 0.00 lux
375000 0 0.00 lux
375500 0 0.00 lux
376000 0 0.00 lux
376500 0 0.00 lux
377000 61 0.00 lux
377500 0 66.67 lux
378000 0 80.00 lux
378500 0 83.33 lux
379000 407 84.17 lux
379500 447 85.00 lux
380000 411 85.00 lux
380500 413 85.00 lux
381000 345 85.00 lux
381500 0 81.67 lux
382000 0 67.50 lux
382500 0 1.67 lux
383000 0 0.00 lux
383500 0 0.00 lux
384000 0 0.00 lux
384500 0 0.00 lux
385000 0 0.00 lux
385500 0 0.00 lux
386000 23 0.00 lux
386500 368 11.67 lux
387000 231 62.50 lux
387500 262 58.33 lux
388000 402 55.00 lux
388500 399 53.33 lux
389000 407 54.17 lux
389500 385 51.67 lux
390000 413 50.83 lux
390500 410 50.00 lux
391000 409 50.83 lux
391500 411 49.17 lux
392000 415 48.33 lux
392500 408 47.50 lux
393000 404 47.50 lux
393500 358 48.33 lux
394000 39 49.17 lux
394500 0 60.83 lux
395000 0 0.00 lux
395500 0 0.00 lux
396000 0 0.00 lux
396500 0 0.00 lux
397000 0 0.00 lux
397500 0 0.00 lux
398000 0 0.00 lux
398500 0 0.00 lux
399000 0 0.00 lux
399500 0 0.00 lux
400000 373 0.00 lux
400500 449 30.83 lux
401000 455 57.50 lux
401500 448 54.17 lux
402000 443 49.17 lux
402500 385 47.50 lux
403000 379 47.50 lux
403500 399 47.50 lux
404000 421 45.83 lux
404500 394 45.00 lux
405000 424 44.17 lux
405500 421 44.17 lux
406000 400 43.33 lux
406500 0 50.83 lux
407000 0 52.50 lux
407500 0 0.00 lux
408000 0 0.00 lux
408500 0 0.00 lux
409000 0 0.00 lux
409500 0 0.00 lux
410000 0 0.00 lux
410500 0 0.00 lux
411000 0 0.00 lux
411500 0 0.00 lux
412000 378 0.00 lux
412500 361 60.00 lux
413000 0 61.67 lux
413500 22 56.67 lux
414000 66 54.17 lux
414500 71 54.17 lux
415000 135 53.33 lux
415500 163 52.50 lux
416000 172 53.33 lux
416500 166 52.50 lux
417000 232 52.50 lux
417500 169 51.67 lux
418000 210 53.33 lux
418500 182 53.33 lux
419000 178 53.33 lux
419500 169 53.33 lux
420000 0 56.67 lux
420500 0 22.50 lux
421000 0 0.00 lux
421500 0 0.00 lux
422000 0 0.00 lux
422500 0 0.00 lux
423000 0 0.00 lux
423500 0 0.00 lux
424000 0 0.00 lux
424500 0 0.00 lux
425000 0 0.00 lux
425500 38 0.00 lux
426000 330 33.33 lux
426500 384 56.67 lux
427000 107 50.00 lux
427500 370 48.33 lux
428000 286 46.67 lux
428500 328 46.67 lux
429000 338 45.83 lux
429500 360 45.00 lux
430000 370 44.17 lux
430500 375 44.17 lux
431000 413 44.17 lux
431500 386 44.17 lux
432000 384 43.33 lux
432500 379 43.33 lux
433000 421 43.33 lux
433500 407 43.33 lux
434000 50 44.17 lux
434500 0 55.83 lux
435000 0 13.33 lux
435500 0 0.00 lux
436000 0 0.00 lux
436500 0 0.00 lux
437000 0 0.00 lux
437500 0 0.00 lux
438000 0 0.00 lux
438500 0 0.00 lux
439000 0 0.00 lux
439500 0 0.00 lux
440000 0 0.00 lux
440500 0 0.00 lux
441000 0 0.00 lux
441500 422 0.00 lux
442000 228 51.67 lux
442500 92 65.00 lux
443000 86 63.33 lux
443500 179 62.50 lux
444000 197 62.50 lux
444500 224 62.50 lux
445000 193 61.67 lux
445500 184 61.67 lux
446000 294 61.67 lux
446500 238 61.67 lux
447000 190 61.67 lux
447500 191 63.33 lux
448000 284 63.33 lux
448500 0 0.00 lux
449000 0 0.00 lux
449500 0 0.00 lux
450000 0 0.00 lux
450500 0 0.00 lux
451000 0 0.00 lux
451500 0 0.00 lux
452000 0 0.00 lux
452500 0 0.00 lux
453000 0 0.00 lux
453500 0 0.00 lux
454000 20 29.17 lux
454500 381 60.00 lux
455000 407 54.17 lux
455500 455 51.67 lux
456000 434 53.33 lux
456500 449 54.17 lux
457000 410 54.17 lux
457500 420 54.17 lux
458000 431 54.17 lux
458500 428 54.17 lux
459000 446 55.00 lux
459500 2 61.67 lux
460000 18 63.33 lux
460500 2 15.83 lux
461000 0 0.00 lux
461500 0 0.00 lux
462000 0 0.00 lux
462500 0 0.00 lux
463000 0 0.00 lux
463500 0 0.00 lux
464000 0 0.00 lux
464500 0 0.00 lux
465000 0 0.00 lux
465500 0 0.00 lux
466000 0 0.00 lux
466500 214 0.00 lux
467000 409 33.33 lux
467500 390 61.67 lux
468000 373 55.00 lux
468500 425 51.67 lux
469000 421 50.83 lux
469500 415 49.17 lux
470000 412 48.33 lux
470500 389 48.33 lux
471000 416 48.33 lux
471500 417 48.33 lux
472000 402 47.50 lux
472500 409 47.50 lux
473000 360 50.00 lux
473500 62 62.50 lux
474000 51 63.33 lux
474500 3 1.67 lux
475000 0 0.00 lux
475500 0 0.00 lux
476000 0 0.00 lux
476500 0 0.00 lux
477000 476 0.00 lux
477500 164 54.17 lux
478000 204 70.83 lux
478500 426 79.17 lux
479000 405 84.17 lux
479500 234 85.83 lux
480000 196 85.83 lux
480500 277 86.67 lux
481000 159 86.67 lux
481500 265 85.83 lux
482000 252 85.83 lux
482500 333 85.83 lux
483000 166 79.17 lux
483500 8 56.67 lux
484000 0 0.83 lux
484500 0 0.00 lux
485000 0 0.00 lux
485500 0 0.00 lux
486000 0 0.00 lux
486500 0 0.00 lux
487000 0 0.00 lux
487500 0 0.00 lux
488000 0 0.00 lux
488500 0 0.00 lux
489000 203 0.00 lux
489500 384 10.83 lux
490000 448 62.50 lux
490500 446 55.00 lux
491000 484 50.83 lux
491500 500 49.17 lux
492000 497 48.33 lux
492500 500 48.33 lux
493000 502 48.33 lux
493500 511 47.50 lux
494000 441 47.50 lux
494500 52 56.67 lux
495000 1 65.00 lux
495500 2 15.00 lux
496000 0 0.00 lux
496500 0 0.00 lux
497000 0 0.00 lux
497500 0 0.00 lux
498000 0 0.00 lux
498500 0 0.00 lux
499000 0 0.00 lux
499500 0 0.00 lux
500000 0 0.00 lux
500500 0 0.00 lux
501000 0 0.00 lux
501500 0 72.50 lux
502000 0 77.50 lux
502500 0 80.83 lux
503000 0 80.83 lux
503500 0 80.83 lux
504000 1 80.83 lux
504500 0 80.83 lux
505000 0 80.83 lux
505500 0 82.50 lux
506000 0 77.50 lux
506500 0 36.67 lux
507000 0 35.00 lux
507500 0 0.83 lux
508000 0 0.00 lux
508500 0 0.00 lux
509000 0 0.00 lux
509500 0 0.00 lux
510000 0 0.00 lux
510500 333 0.00 lux
511000 492 2.50 lux
511500 512 60.00 lux
512000 516 60.00 lux
512500 497 60.83 lux
513000 487 60.00 lux
513500 511 60.00 lux
514000 530 59.17 lux
514500 499 60.00 lux
515000 504 59.17 lux
515500 515 59.17 lux
516000 497 59.17 lux
516500 508 58.33 lux
517000 499 59.17 lux
517500 405 63.33 lux
518000 167 67.50 lux
518500 0 0.00 lux
519000 0 0.00 lux
519500 0 0.00 lux
520000 0 0.00 lux
520500 0 0.00 lux
521000 0 0.00 lux
521500 0 0.00 lux
522000 0 0.00 lux
522500 0 0.00 lux
523000 0 0.00 lux
523500 499 1.67 lux
524000 452 72.50 lux
524500 425 82.50 lux
525000 438 83.33 lux
525500 449 83.33 lux
526000 450 83.33 lux
526500 450 83.33 lux
527000 451 83.33 lux
527500 446 83.33 lux
528000 440 84.17 lux
528500 436 84.17 lux
529000 442 83.33 lux
529500 447 84.17 lux
530000 451 84.17 lux
530500 450 84.17 lux
531000 454 84.17 lux
531500 354 79.17 lux
532000 0 51.67 lux
532500 0 0.00 lux
533000 0 0.00 lux
533500 0 0.00 lux
534000 0 0.00 lux
534500 0 0.00 lux
535000 0 0.00 lux
535500 0 0.00 lux
536000 0 0.00 lux
536500 0 0.00 lux
537000 0 0.00 lux
537500 0 0.00 lux
538000 0 0.00 lux
538500 0 0.00 lux
539000 0 0.00 lux
539500 0 0.00 lux
540000 0 0.00 lux
540500 0 0.00 lux
541000 0 0.00 lux
541500 0 0.00 lux
542000 0 0.00 lux
542500 0 0.00 lux
543000 0 0.00 lux
543500 0 0.00 lux
544000 0 0.00 lux
544500 0 0.00 lux
545000 0 0.00 lux
545500 0 0.00 lux
546000 0 0.00 lux
546500 0 0.00 lux
547000 0 0.00 lux
547500 0 0.00 lux
548000 0 0.00 lux
548500 0 0.00 l
